ho
leg_right_down 0 3.5 2 0 0 0
leg_right_up 0 8.316 2 0 0 0
leg_left_down -4.898 3.5 -4.052 0 0 0
leg_left_up -1.868 8.132 -3.194 0 -0.532 -0.603
arm_right_down 0 11.5 5 0 0 0
arm_right_up 0 16.5 5 0 0 0
arm_left_down 0 11.5 -5 -0.744 0 0
arm_left_up 0 16.5 -5 0.9490000000000001 0 0
stomach -1.378 14.642 -0.184 0.10200000000000001 -0.25 0.314
upperbody 0 18 0 0 0 -0.532
neck 1.499 20.5 0 0 0 -0.603
head 1.836 23 0 0 0 -0.603
cry
leg_right_down 0 3.5 2 0 0 0
leg_right_up 0 8.5 2 0 0 0
leg_left_down 0 3.5 -2 0 0 0
leg_left_up 0 8.5 -2 0 0 0
arm_right_down -7.894 19.237000000000002 2.693 -0.8270000000000001 -0.272 0.14300000000000002
arm_right_up -4.586 17.251 5 -0.6880000000000001 0 -1.728
arm_left_down -7.232 19.898 -3.262 0.005 1.252 1.46
arm_left_up -4.586 19.237000000000002 -5 0.14300000000000002 0.005 -1.6580000000000001
stomach 0 15.5 0 0 0 0.14300000000000002
upperbody -1.939 18 0 0.005 0 0.49
neck -2.6 20.5 0 0 0 0.49
head -5.909 21.884 0 -0.064 0.005 0.906
